1 + 2 
1 -1 
4/ 5 
6 /4 
7 /4 
x <- 2
x
x <- 3 
x 
x <- c (1,2,3)
x 

x + 2
